1.719047619047663602e+02
2.148780487804871200e+02
6.116279069767876564e+01
-9.469999999999724594e+01
4.793103448276213641e+01
-7.482352941176169736e+01
-9.665294117646811856e+01
7.091954022988952033e+01
-8.794285714285331323e+01
2.473493975903482180e+02
3.233333333333186488e+02
2.494252873563366535e+01
1.122471910112404032e+02
-5.798045977011159380e+01
1.347191011236001543e+02
1.570588235294164008e+02
-1.005044943820196579e+02
5.772727272727690462e+01
-3.959480519480095495e+01
7.279069767442311445e+01
-1.123595505616062917e-01
7.483516483516936546e+01
-4.478045977011240097e+01
1.217647058823574469e+02
-5.877777777774042534e+00
3.359550561797983192e+01
3.381818181820136715e+00
-7.123258426965961121e+01
-1.038209302325560657e+02
2.363636363636540239e+01
1.076744186046556138e+02
-5.816666666665213370e+00
8.857142857143114156e+01
3.645454545454418849e+02
8.073170731707520531e+01
5.744680851063213467e+00
-3.929195402298486783e+01
-8.679999999999704130e+01
-1.123595505614926049e-01
-1.222222222222266197e+01
-6.842093023255694106e+01
-6.136666666666479841e+01
-1.272082191780819755e+02
-9.486521739130114383e+01
7.853932584270123129e+01
-6.576363636363508647e+01
7.049382716049835551e+01
-5.448620689654782723e+01
1.004761904761948585e+02
5.285714285714632865e+01
-5.490430107526432835e+01
2.392405063291329981e+01
3.087912087912312131e+01
8.045454545454995809e+01
1.145454545454591084e+02
1.713636363636409499e+02
-1.425823529411761115e+02
-9.195172413792951716e+01
7.250000000000443379e+01
9.090909090905157086e-01
8.045454545454987283e+01
8.857142857143324477e+01
1.766666666666711194e+02
3.903225806451887081e+01
5.457831325301561520e+01
-1.193989010989004385e+02
-3.352471910112058140e+01
-1.708333333333406401e+01
4.793103448276193745e+01
3.345679012345938474e+01
3.048192771084546848e+01
1.991566265060238550e+02
1.742222222222480355e+01
-1.553191489361777933e+01
1.869565217391438239e+01
-7.800989010988850225e+01
5.772727272727680514e+01
9.009090909093629307e+00
-9.064044943820027811e+01
8.857142857143284687e+01
-1.325402298850577267e+02
6.555555555555983460e+01
-4.815555555555354772e+01
7.470588235294596302e+01
1.573118279569937670e+02
1.680645161290370311e+02
-1.123432098765405414e+02
1.031818181818228197e+02
-2.977349397590197100e+01
8.073170731707716641e+01
-2.139770114942186297e+01
-7.254390243902290081e+01
6.853658536585828642e+01
-7.566511627906673709e+01
-1.382619047619045318e+02
-1.305909090909086956e+02
7.279069767442328498e+01
1.100000000000044338e+02
5.772727272727696146e+01
-1.227571428571413890e+02
8.441860465116737089e+01
1.758227848101311110e+02
1.227659574468131609e+02
7.666666666667131835e+01
-1.098764044943806653e+02
-9.540229885057788906e+00
-1.290439024390230998e+02
4.333333333333644788e+01
6.476190476190922141e+01
-8.885949367088232975e+01
-9.235714285714087168e+01
-6.253333333332938082e+01
-2.472471910112111004e+01
1.843373493976037025e+01
4.367901234571604618e+00
-8.836363636363415708e+01
-7.054044943820095170e+01
1.871084337349443842e+02
-7.600126582278076626e+01
8.073170731707779169e+01
-1.340769230769236060e+02
4.953488372093399761e+01
2.663218390804527189e+02
6.294117647059287179e+01
-1.045454545454593287e+01
-9.332222222222193864e+01
-4.059411764705609471e+01
9.279569892473524817e+01
5.814814814815247956e+01
-5.054285714285532549e+01
4.043478260869852647e+01
1.010112359550597887e+02
-1.157209302325562987e+02
1.638297872340552175e+01
1.526315789473790119e+01
-2.977710843373216676e+01
-9.724044943820007347e+01
2.363636363636537396e+01
6.662650602410101897e+01
9.090909090911681867e-01
6.909090909091381150e+01
6.000000000000449063e+01
7.826086956522477323e+00
4.793103448276200851e+01
-6.029302325581232935e+01
4.793103448276189482e+01
1.125316455696247999e+02
1.112359550561886046e+01
1.004761904761948585e+02
1.440425531914940223e+02
5.141414141414533390e+01
7.304347826087419548e+01
-4.906470588234856223e+01
6.294117647059156440e+01
-5.902168674698532413e+01
-7.185882352940822670e+01
4.043478260869858332e+01
1.031818181818228197e+02
6.909090909091376886e+01
1.558043956043860021e+02
8.204301075269296462e+01
2.148780487804920654e+02
2.235955056179935951e+01
-5.605882352940921010e+01
1.048051948051993065e+02
8.441860465116421608e+01
3.072173913043599214e+01
-4.032380952380557915e+01
6.116279069767872301e+01
1.168965517241423697e+02
1.869565217391429712e+01
2.627906976744353074e+01
4.793103448276179535e+01
5.772727272727676251e+01
1.143010752688216485e+02
4.333333333333487047e+01
2.583146067415593734e+02
-7.012352941176165189e+01
2.067032967033012483e+02
-8.382093023255565356e+01
1.035483870967787254e+02
-1.165487804878023468e+02
1.588235294117687957e+01
-6.786829268292231632e+01
1.056521739130482160e+02
-8.493186813186481743e+01
-2.023255813953563020e+01
-1.134831460674185344e+01
4.483146067416032565e+01
1.100000000000046327e+02
7.666666666667103414e+01
-8.707777777777499750e+01
1.569135802469182863e+02
4.483146067416033986e+01
3.099999999999890861e+02
1.667567567567614901e+02
-8.580449438201955559e+01
2.790000000000392788e+01
-5.135698924730843373e+01
-6.408139534883298438e+01
