3.000000000000000000e+02
3.000000000000000000e+02
3.000000000000000000e+02
2.330000000000000000e+02
3.000000000000000000e+02
2.210000000000000000e+02
2.150000000000000000e+02
3.000000000000000000e+02
2.700000000000000000e+02
3.000000000000000000e+02
3.000000000000000000e+02
3.000000000000000000e+02
3.000000000000000000e+02
2.300000000000000000e+02
3.000000000000000000e+02
3.000000000000000000e+02
2.480000000000000000e+02
3.000000000000000000e+02
2.820000000000000000e+02
3.000000000000000000e+02
3.000000000000000000e+02
3.000000000000000000e+02
1.860000000000000000e+02
3.000000000000000000e+02
2.610000000000000000e+02
3.000000000000000000e+02
1.330000000000000000e+02
2.250000000000000000e+02
2.340000000000000000e+02
3.000000000000000000e+02
3.000000000000000000e+02
1.100000000000000000e+02
3.000000000000000000e+02
3.000000000000000000e+02
3.000000000000000000e+02
3.000000000000000000e+02
2.450000000000000000e+02
2.070000000000000000e+02
3.000000000000000000e+02
3.000000000000000000e+02
1.160000000000000000e+02
1.500000000000000000e+02
1.990000000000000000e+02
2.520000000000000000e+02
3.000000000000000000e+02
9.900000000000000000e+01
3.000000000000000000e+02
2.570000000000000000e+02
3.000000000000000000e+02
3.000000000000000000e+02
2.930000000000000000e+02
3.000000000000000000e+02
3.000000000000000000e+02
3.000000000000000000e+02
3.000000000000000000e+02
3.000000000000000000e+02
2.900000000000000000e+02
1.520000000000000000e+02
3.000000000000000000e+02
3.000000000000000000e+02
3.000000000000000000e+02
3.000000000000000000e+02
3.000000000000000000e+02
3.000000000000000000e+02
3.000000000000000000e+02
2.280000000000000000e+02
2.120000000000000000e+02
3.000000000000000000e+02
3.000000000000000000e+02
3.000000000000000000e+02
3.000000000000000000e+02
3.000000000000000000e+02
1.830000000000000000e+02
3.000000000000000000e+02
3.000000000000000000e+02
1.270000000000000000e+02
3.000000000000000000e+02
1.900000000000000000e+02
1.770000000000000000e+02
3.000000000000000000e+02
2.110000000000000000e+02
3.000000000000000000e+02
1.430000000000000000e+02
3.000000000000000000e+02
3.000000000000000000e+02
3.000000000000000000e+02
2.870000000000000000e+02
3.000000000000000000e+02
1.220000000000000000e+02
3.000000000000000000e+02
2.230000000000000000e+02
1.080000000000000000e+02
3.000000000000000000e+02
2.180000000000000000e+02
2.790000000000000000e+02
2.390000000000000000e+02
3.000000000000000000e+02
3.000000000000000000e+02
3.000000000000000000e+02
2.670000000000000000e+02
3.000000000000000000e+02
3.000000000000000000e+02
3.000000000000000000e+02
3.000000000000000000e+02
2.040000000000000000e+02
3.000000000000000000e+02
2.970000000000000000e+02
3.000000000000000000e+02
3.000000000000000000e+02
2.610000000000000000e+02
1.660000000000000000e+02
2.650000000000000000e+02
1.820000000000000000e+02
3.000000000000000000e+02
2.680000000000000000e+02
1.740000000000000000e+02
1.100000000000000000e+02
3.000000000000000000e+02
2.600000000000000000e+02
3.000000000000000000e+02
2.040000000000000000e+02
3.000000000000000000e+02
3.000000000000000000e+02
3.000000000000000000e+02
3.000000000000000000e+02
7.100000000000000000e+01
1.850000000000000000e+02
3.000000000000000000e+02
3.000000000000000000e+02
1.450000000000000000e+02
3.000000000000000000e+02
3.000000000000000000e+02
2.740000000000000000e+02
3.000000000000000000e+02
3.000000000000000000e+02
2.020000000000000000e+02
1.990000000000000000e+02
3.000000000000000000e+02
3.000000000000000000e+02
3.000000000000000000e+02
3.000000000000000000e+02
3.000000000000000000e+02
3.000000000000000000e+02
3.000000000000000000e+02
1.280000000000000000e+02
3.000000000000000000e+02
3.000000000000000000e+02
3.000000000000000000e+02
3.000000000000000000e+02
3.000000000000000000e+02
3.000000000000000000e+02
3.000000000000000000e+02
2.920000000000000000e+02
3.000000000000000000e+02
1.790000000000000000e+02
2.500000000000000000e+02
3.000000000000000000e+02
3.000000000000000000e+02
3.000000000000000000e+02
3.000000000000000000e+02
3.000000000000000000e+02
3.000000000000000000e+02
3.000000000000000000e+02
1.970000000000000000e+02
3.000000000000000000e+02
3.000000000000000000e+02
8.700000000000000000e+01
2.700000000000000000e+02
3.000000000000000000e+02
3.000000000000000000e+02
3.000000000000000000e+02
3.000000000000000000e+02
3.000000000000000000e+02
3.000000000000000000e+02
3.000000000000000000e+02
3.000000000000000000e+02
3.000000000000000000e+02
2.050000000000000000e+02
3.000000000000000000e+02
1.680000000000000000e+02
3.000000000000000000e+02
2.960000000000000000e+02
3.000000000000000000e+02
2.960000000000000000e+02
3.000000000000000000e+02
2.230000000000000000e+02
3.000000000000000000e+02
3.000000000000000000e+02
3.000000000000000000e+02
3.000000000000000000e+02
3.000000000000000000e+02
1.980000000000000000e+02
3.000000000000000000e+02
3.000000000000000000e+02
3.000000000000000000e+02
3.000000000000000000e+02
1.990000000000000000e+02
2.410000000000000000e+02
2.450000000000000000e+02
2.960000000000000000e+02
