2.172222222222127357e+02
4.111290322580509837e+02
2.554651162790674448e+02
1.101898734177271422e+02
1.336363636363693388e+02
-1.340117647058831096e+02
-1.190166666666669641e+02
-1.176999999999987665e+02
8.104651162791265051e+01
2.159876543209913677e+02
9.065217391304923922e+01
3.944444444444692977e+01
1.450000000000056275e+02
1.510975609756152949e+02
1.404761904762120395e+01
-1.511235955056127089e+01
1.420588235294174808e+02
1.109090909090965340e+02
-1.274365591397854018e+02
1.265789473684266682e+02
2.634210526315711718e+02
-2.454022988505758818e+01
2.833333333333640525e+01
9.500000000000567013e+01
6.166666666667217100e+01
5.591954022989013851e+01
-7.439024390244689755e+00
-8.333333333320037672e-01
2.670930232557969930e+02
2.903488372093070211e+02
-1.689545454545455527e+02
1.404761904762114710e+01
8.104651162791253682e+01
2.513218390804457556e+02
-3.271084337349466864e+01
-1.170333333333337862e+02
1.695121951219696399e+01
-1.749999999999965539e+01
3.293103448276171008e+01
2.164285714285684321e+02
2.686813186813485288e+01
-1.078311827956989077e+02
-1.827421052631586917e+02
-2.166666666666652574e+01
4.884615384615841549e+01
-1.551724137929761715e+00
1.147802197802253943e+02
1.084831460674205914e+02
2.657894736842404626e+01
-3.488372093034155519e-01
9.500000000000565592e+01
3.080246913580569412e+01
-1.960202247191020319e+02
2.131818181818239566e+02
1.587912087912296855e+01
4.884615384615754152e+01
1.534269662921404347e+02
8.818181818182310394e+01
1.926190476190531626e+02
-2.066265060240942475e+01
-3.681818181818276514e+01
1.078947368421155240e+01
9.942528735633986869e+00
4.106741573034106807e+01
-3.523255813953574744e+01
-1.100521739130436742e+02
1.336363636363693672e+02
2.131578947368534216e+01
-1.616684210526320271e+02
3.136363636363888929e+01
-9.109589041094933393e+00
9.040229885058039372e+01
6.521276595745209193e+01
6.111111111112746741e+00
1.534269662921405484e+02
-1.708791208791165772e+01
1.241666666666719152e+02
5.591954022989022377e+01
1.118674698795236964e+02
9.012195121951782539e+01
1.695121951219407919e+01
8.323529411765274233e+01
3.957831325301597047e+01
6.545454545455072548e+01
3.785714285714485072e+01
5.162650602410090528e+01
2.595238095238388354e+01
4.616279069767748666e+01
-4.617647058823624207e+01
2.628160919540112559e+02
-1.065428571428532507e+02
-5.983333333333287385e+01
1.514102564102620647e+02
6.353932584270096839e+01
4.272727272727690462e+01
-1.103896103894797198e+00
1.391860465116335490e+02
-5.065217391304442884e+01
2.595238095238391196e+01
2.142857142858606512e+00
8.018518518518716576e+01
3.944444444444836506e+01
1.766901408450762858e+02
1.722222222222445964e+01
-1.030636363636341741e+02
-1.409090909090852861e+01
2.322093023255731055e+02
-1.804347826087051843e+01
5.230337078652149074e+01
1.677272727272784039e+02
-1.749999999999962697e+01
9.040229885058039372e+01
-5.512168674698546056e+01
-2.842352941176383752e+01
-1.019842696629216050e+02
-1.989361702127636633e+01
-1.081098901098881271e+02
1.823563218390808913e+02
-4.944444444444540920e+01
4.963917525773661055e+01
4.976190476190928536e+01
2.833333333333646209e+01
2.000000000000237321e+01
-1.150483146067415134e+02
9.500000000000568434e+01
7.477528089888200213e+01
-5.065217391304442884e+01
7.000000000000568434e+01
-4.184210526315884238e+01
-1.716085106382983838e+02
1.593678160919597531e+02
3.630434782608987376e+01
-5.236842105263252733e+01
1.309550561797807973e+02
-3.000000000000045830e+01
3.617647058823708761e+01
-4.944444444444540210e+01
5.409090909091366939e+01
1.630412371134040086e+02
1.655882352941218585e+02
-1.551724137932092296e+00
-6.333333333333428783e+01
1.109090909090966477e+02
-1.418936170212775494e+02
-7.308235294117578462e+01
-6.777640449438128201e+01
-1.081838709677422514e+02
1.450000000000055991e+02
9.942528735634086345e+00
8.924050632913226977e+00
-4.818181818181913911e+01
-1.231444444444448294e+02
6.166666666667214258e+01
9.012195121951759802e+01
1.248850574712701018e+02
1.015217391304405226e+02
2.164285714285686595e+02
4.442528735632612324e+01
8.636363636363885377e+00
3.453488372093377023e+01
1.450000000000046043e+02
1.450000000000056843e+02
-3.758426966292229565e+01
4.272727272727677672e+01
5.409090909091301569e+01
2.208426966292191196e+02
2.290697674418880325e+01
4.314814814815058241e+01
1.075000000000056843e+02
-5.123655913978590348e+01
-1.197674418604574065e+01
4.616279069767882248e+01
1.118674698795236679e+02
-5.123655913978590348e+01
5.779069767442084782e+01
1.456521739130557158e+01
2.441176470588524694e+01
6.941860465116846513e+01
-5.291666666666762353e+01
-5.165294117646973859e+01
6.367469879518631615e+01
3.080246913580579360e+01
-1.234111111111105856e+02
1.478735632183965549e+02
2.568314606741762418e+01
3.136363636363966378e+01
3.957831325301427228e+01
-4.314432989690816811e+01
-3.396521739130389506e+01
2.686813186813486709e+01
1.655882352941233648e+02
-1.858024691357988800e+01
-4.547619047619142663e+01
-2.264705882352934552e+01
-1.155166666666669073e+02
-6.181764705882279998e+01
5.779069767442383210e+01
1.456521739130485393e+01
1.450000000000056559e+02
-1.102689655172378167e+02
-3.441176470588315084e+01
-1.197674418604576907e+01
1.871348314606798908e+02
1.185294117647114547e+02
1.505555555555612557e+02
8.818181818182387133e+01
1.371052631579004242e+02
3.424050632911574610e+01
-1.241444444444448578e+02
-5.180851063829882719e+01
-3.488372093016995912e-01
1.147802197802254796e+02
7.357142857143415426e+01
1.740697674418661336e+02
2.441176470588517589e+01
-3.758426966292229565e+01
5.457446808510872671e+01
3.136363636363885377e+01
-2.634831460674179837e+01
9.942528735634057924e+00
-4.686046511628002520e+01
4.717391304348276293e+01
-1.547421052631585212e+02
-7.439024390242913398e+00
-4.184210526315884238e+01
9.753164556962590837e+01
4.442528735632609482e+01
4.890109890111205004e+00
9.267441860465677905e+01
1.275581395348893921e+02
4.442528735632600956e+01
8.402061855668783608e+00
5.779069767441860250e+01
5.409090909091297306e+01
-4.818181818181913911e+01
-2.284285714285658742e+01
-1.525641025640967641e+01
6.166666666667217100e+01
-1.103896103894768776e+00
1.548192771084560704e+01
6.111111111112888850e+00
3.785714285714665550e+01
7.082417582418145230e+01
-1.278470588235292382e+02
-2.727272727271575548e+00
2.914634146341524001e+01
2.487012987013281418e+01
5.804347826087487761e+01
-3.833333333333429493e+01
2.545505617977513850e+02
4.106741573034112491e+01
4.166666666667073571e+01
-8.225806451613863146e+00
1.859550561797995982e+01
-4.944444444444540920e+01
-1.044444444444383180e+01
9.501111111110463980e+01
-2.957272727272601287e+01
-3.603448275862157146e+01
-1.230659340659346128e+02
-3.906593406593501783e+01
1.309550561797809110e+02
-3.758426966292229565e+01
-7.301111111111079310e+01
6.545454545454978756e+01
-1.304597701149359779e+01
3.453488372093378445e+01
-5.000000000000333955e+00
9.280219780220343750e+01
4.442528735632608061e+01
5.162650602410116107e+01
7.147058823529980032e+01
-3.357142857142926573e+01
5.549382716049892394e+01
6.783950617284523332e+01
-5.345360824742363093e+01
1.505555555555611704e+02
5.289473684210992133e+01
3.293103448276122691e+01
1.127906976744388601e+01
3.453488372093384129e+01
-5.065217391304442884e+01
1.530645161290376848e+02
4.106741573034112491e+01
-3.833333333333430204e+01
-1.713838709677426095e+02
-2.959183673468193110e+00
1.084831460674213020e+02
4.314814814815238009e+01
4.756097560977275762e+00
0.000000000000000000e+00
0.000000000000000000e+00
0.000000000000000000e+00
0.000000000000000000e+00
0.000000000000000000e+00
0.000000000000000000e+00
0.000000000000000000e+00
0.000000000000000000e+00
0.000000000000000000e+00
0.000000000000000000e+00
0.000000000000000000e+00
0.000000000000000000e+00
0.000000000000000000e+00
0.000000000000000000e+00
0.000000000000000000e+00
0.000000000000000000e+00
0.000000000000000000e+00
0.000000000000000000e+00
0.000000000000000000e+00
0.000000000000000000e+00
0.000000000000000000e+00
0.000000000000000000e+00
0.000000000000000000e+00
0.000000000000000000e+00
0.000000000000000000e+00
0.000000000000000000e+00
0.000000000000000000e+00
0.000000000000000000e+00
0.000000000000000000e+00
0.000000000000000000e+00
0.000000000000000000e+00
0.000000000000000000e+00
0.000000000000000000e+00
0.000000000000000000e+00
0.000000000000000000e+00
0.000000000000000000e+00
0.000000000000000000e+00
0.000000000000000000e+00
0.000000000000000000e+00
0.000000000000000000e+00
0.000000000000000000e+00
0.000000000000000000e+00
0.000000000000000000e+00
0.000000000000000000e+00
0.000000000000000000e+00
0.000000000000000000e+00
0.000000000000000000e+00
0.000000000000000000e+00
0.000000000000000000e+00
0.000000000000000000e+00
0.000000000000000000e+00
0.000000000000000000e+00
0.000000000000000000e+00
0.000000000000000000e+00
0.000000000000000000e+00
0.000000000000000000e+00
0.000000000000000000e+00
0.000000000000000000e+00
0.000000000000000000e+00
0.000000000000000000e+00
0.000000000000000000e+00
0.000000000000000000e+00
0.000000000000000000e+00
0.000000000000000000e+00
0.000000000000000000e+00
0.000000000000000000e+00
0.000000000000000000e+00
0.000000000000000000e+00
0.000000000000000000e+00
0.000000000000000000e+00
0.000000000000000000e+00
0.000000000000000000e+00
0.000000000000000000e+00
0.000000000000000000e+00
0.000000000000000000e+00
0.000000000000000000e+00
0.000000000000000000e+00
0.000000000000000000e+00
0.000000000000000000e+00
0.000000000000000000e+00
0.000000000000000000e+00
0.000000000000000000e+00
0.000000000000000000e+00
0.000000000000000000e+00
0.000000000000000000e+00
0.000000000000000000e+00
0.000000000000000000e+00
0.000000000000000000e+00
0.000000000000000000e+00
0.000000000000000000e+00
0.000000000000000000e+00
0.000000000000000000e+00
0.000000000000000000e+00
0.000000000000000000e+00
0.000000000000000000e+00
0.000000000000000000e+00
0.000000000000000000e+00
0.000000000000000000e+00
0.000000000000000000e+00
0.000000000000000000e+00
0.000000000000000000e+00
0.000000000000000000e+00
0.000000000000000000e+00
0.000000000000000000e+00
0.000000000000000000e+00
0.000000000000000000e+00
0.000000000000000000e+00
0.000000000000000000e+00
0.000000000000000000e+00
0.000000000000000000e+00
0.000000000000000000e+00
0.000000000000000000e+00
0.000000000000000000e+00
0.000000000000000000e+00
0.000000000000000000e+00
0.000000000000000000e+00
0.000000000000000000e+00
0.000000000000000000e+00
0.000000000000000000e+00
0.000000000000000000e+00
0.000000000000000000e+00
0.000000000000000000e+00
0.000000000000000000e+00
0.000000000000000000e+00
0.000000000000000000e+00
0.000000000000000000e+00
0.000000000000000000e+00
0.000000000000000000e+00
0.000000000000000000e+00
0.000000000000000000e+00
0.000000000000000000e+00
0.000000000000000000e+00
0.000000000000000000e+00
0.000000000000000000e+00
0.000000000000000000e+00
0.000000000000000000e+00
0.000000000000000000e+00
0.000000000000000000e+00
0.000000000000000000e+00
0.000000000000000000e+00
0.000000000000000000e+00
0.000000000000000000e+00
0.000000000000000000e+00
0.000000000000000000e+00
0.000000000000000000e+00
0.000000000000000000e+00
0.000000000000000000e+00
0.000000000000000000e+00
0.000000000000000000e+00
0.000000000000000000e+00
0.000000000000000000e+00
0.000000000000000000e+00
0.000000000000000000e+00
0.000000000000000000e+00
0.000000000000000000e+00
0.000000000000000000e+00
0.000000000000000000e+00
0.000000000000000000e+00
0.000000000000000000e+00
0.000000000000000000e+00
0.000000000000000000e+00
0.000000000000000000e+00
0.000000000000000000e+00
0.000000000000000000e+00
0.000000000000000000e+00
0.000000000000000000e+00
0.000000000000000000e+00
0.000000000000000000e+00
0.000000000000000000e+00
0.000000000000000000e+00
0.000000000000000000e+00
0.000000000000000000e+00
0.000000000000000000e+00
0.000000000000000000e+00
0.000000000000000000e+00
0.000000000000000000e+00
0.000000000000000000e+00
0.000000000000000000e+00
0.000000000000000000e+00
0.000000000000000000e+00
0.000000000000000000e+00
0.000000000000000000e+00
0.000000000000000000e+00
0.000000000000000000e+00
0.000000000000000000e+00
0.000000000000000000e+00
0.000000000000000000e+00
0.000000000000000000e+00
0.000000000000000000e+00
0.000000000000000000e+00
0.000000000000000000e+00
0.000000000000000000e+00
0.000000000000000000e+00
0.000000000000000000e+00
0.000000000000000000e+00
0.000000000000000000e+00
0.000000000000000000e+00
0.000000000000000000e+00
0.000000000000000000e+00
0.000000000000000000e+00
0.000000000000000000e+00
0.000000000000000000e+00
0.000000000000000000e+00
0.000000000000000000e+00
0.000000000000000000e+00
0.000000000000000000e+00
0.000000000000000000e+00
0.000000000000000000e+00
0.000000000000000000e+00
0.000000000000000000e+00
0.000000000000000000e+00
0.000000000000000000e+00
0.000000000000000000e+00
0.000000000000000000e+00
0.000000000000000000e+00
0.000000000000000000e+00
0.000000000000000000e+00
0.000000000000000000e+00
0.000000000000000000e+00
0.000000000000000000e+00
0.000000000000000000e+00
0.000000000000000000e+00
0.000000000000000000e+00
0.000000000000000000e+00
0.000000000000000000e+00
0.000000000000000000e+00
0.000000000000000000e+00
0.000000000000000000e+00
0.000000000000000000e+00
0.000000000000000000e+00
0.000000000000000000e+00
0.000000000000000000e+00
0.000000000000000000e+00
0.000000000000000000e+00
0.000000000000000000e+00
0.000000000000000000e+00
0.000000000000000000e+00
0.000000000000000000e+00
0.000000000000000000e+00
0.000000000000000000e+00
0.000000000000000000e+00
0.000000000000000000e+00
0.000000000000000000e+00
0.000000000000000000e+00
0.000000000000000000e+00
0.000000000000000000e+00
0.000000000000000000e+00
0.000000000000000000e+00
0.000000000000000000e+00
0.000000000000000000e+00
0.000000000000000000e+00
0.000000000000000000e+00
0.000000000000000000e+00
0.000000000000000000e+00
0.000000000000000000e+00
0.000000000000000000e+00
0.000000000000000000e+00
0.000000000000000000e+00
0.000000000000000000e+00
0.000000000000000000e+00
0.000000000000000000e+00
0.000000000000000000e+00
0.000000000000000000e+00
0.000000000000000000e+00
0.000000000000000000e+00
0.000000000000000000e+00
0.000000000000000000e+00
0.000000000000000000e+00
0.000000000000000000e+00
0.000000000000000000e+00
0.000000000000000000e+00
0.000000000000000000e+00
0.000000000000000000e+00
0.000000000000000000e+00
0.000000000000000000e+00
0.000000000000000000e+00
0.000000000000000000e+00
0.000000000000000000e+00
0.000000000000000000e+00
0.000000000000000000e+00
0.000000000000000000e+00
0.000000000000000000e+00
0.000000000000000000e+00
0.000000000000000000e+00
0.000000000000000000e+00
0.000000000000000000e+00
0.000000000000000000e+00
0.000000000000000000e+00
0.000000000000000000e+00
0.000000000000000000e+00
0.000000000000000000e+00
0.000000000000000000e+00
0.000000000000000000e+00
0.000000000000000000e+00
0.000000000000000000e+00
0.000000000000000000e+00
0.000000000000000000e+00
0.000000000000000000e+00
0.000000000000000000e+00
0.000000000000000000e+00
0.000000000000000000e+00
0.000000000000000000e+00
0.000000000000000000e+00
0.000000000000000000e+00
0.000000000000000000e+00
0.000000000000000000e+00
0.000000000000000000e+00
0.000000000000000000e+00
0.000000000000000000e+00
0.000000000000000000e+00
0.000000000000000000e+00
0.000000000000000000e+00
0.000000000000000000e+00
0.000000000000000000e+00
0.000000000000000000e+00
0.000000000000000000e+00
0.000000000000000000e+00
0.000000000000000000e+00
0.000000000000000000e+00
0.000000000000000000e+00
0.000000000000000000e+00
0.000000000000000000e+00
0.000000000000000000e+00
0.000000000000000000e+00
0.000000000000000000e+00
0.000000000000000000e+00
0.000000000000000000e+00
0.000000000000000000e+00
0.000000000000000000e+00
0.000000000000000000e+00
0.000000000000000000e+00
0.000000000000000000e+00
0.000000000000000000e+00
0.000000000000000000e+00
0.000000000000000000e+00
0.000000000000000000e+00
0.000000000000000000e+00
0.000000000000000000e+00
0.000000000000000000e+00
0.000000000000000000e+00
0.000000000000000000e+00
0.000000000000000000e+00
0.000000000000000000e+00
0.000000000000000000e+00
0.000000000000000000e+00
0.000000000000000000e+00
0.000000000000000000e+00
0.000000000000000000e+00
0.000000000000000000e+00
0.000000000000000000e+00
0.000000000000000000e+00
0.000000000000000000e+00
0.000000000000000000e+00
0.000000000000000000e+00
0.000000000000000000e+00
0.000000000000000000e+00
0.000000000000000000e+00
0.000000000000000000e+00
0.000000000000000000e+00
0.000000000000000000e+00
