3.500000000000000000e+02
3.500000000000000000e+02
3.500000000000000000e+02
3.500000000000000000e+02
3.500000000000000000e+02
1.830000000000000000e+02
7.100000000000000000e+01
2.260000000000000000e+02
3.500000000000000000e+02
3.500000000000000000e+02
3.500000000000000000e+02
3.500000000000000000e+02
3.500000000000000000e+02
3.500000000000000000e+02
3.500000000000000000e+02
3.500000000000000000e+02
3.500000000000000000e+02
3.500000000000000000e+02
1.050000000000000000e+02
3.500000000000000000e+02
3.500000000000000000e+02
3.500000000000000000e+02
3.500000000000000000e+02
3.500000000000000000e+02
3.500000000000000000e+02
3.500000000000000000e+02
3.500000000000000000e+02
3.500000000000000000e+02
3.500000000000000000e+02
3.500000000000000000e+02
3.290000000000000000e+02
3.500000000000000000e+02
3.500000000000000000e+02
3.500000000000000000e+02
3.500000000000000000e+02
1.130000000000000000e+02
3.500000000000000000e+02
3.500000000000000000e+02
3.500000000000000000e+02
3.500000000000000000e+02
3.500000000000000000e+02
1.110000000000000000e+02
3.200000000000000000e+02
3.500000000000000000e+02
3.500000000000000000e+02
3.500000000000000000e+02
3.500000000000000000e+02
3.500000000000000000e+02
3.500000000000000000e+02
3.500000000000000000e+02
3.500000000000000000e+02
3.500000000000000000e+02
3.410000000000000000e+02
3.500000000000000000e+02
3.500000000000000000e+02
3.500000000000000000e+02
3.500000000000000000e+02
3.500000000000000000e+02
3.500000000000000000e+02
3.500000000000000000e+02
3.500000000000000000e+02
3.500000000000000000e+02
3.500000000000000000e+02
3.500000000000000000e+02
3.500000000000000000e+02
4.900000000000000000e+01
3.500000000000000000e+02
3.500000000000000000e+02
2.150000000000000000e+02
3.500000000000000000e+02
3.500000000000000000e+02
3.500000000000000000e+02
3.500000000000000000e+02
3.500000000000000000e+02
3.500000000000000000e+02
3.500000000000000000e+02
3.500000000000000000e+02
3.500000000000000000e+02
3.500000000000000000e+02
3.500000000000000000e+02
3.500000000000000000e+02
3.500000000000000000e+02
3.500000000000000000e+02
3.500000000000000000e+02
3.500000000000000000e+02
3.500000000000000000e+02
3.500000000000000000e+02
3.500000000000000000e+02
3.500000000000000000e+02
3.500000000000000000e+02
3.320000000000000000e+02
4.700000000000000000e+01
3.500000000000000000e+02
3.500000000000000000e+02
3.500000000000000000e+02
3.500000000000000000e+02
3.500000000000000000e+02
3.500000000000000000e+02
3.500000000000000000e+02
3.500000000000000000e+02
3.500000000000000000e+02
3.500000000000000000e+02
3.500000000000000000e+02
3.500000000000000000e+02
2.230000000000000000e+02
3.500000000000000000e+02
3.500000000000000000e+02
3.500000000000000000e+02
3.500000000000000000e+02
3.500000000000000000e+02
3.500000000000000000e+02
3.500000000000000000e+02
1.660000000000000000e+02
6.600000000000000000e+01
6.500000000000000000e+01
3.500000000000000000e+02
2.270000000000000000e+02
3.500000000000000000e+02
3.500000000000000000e+02
3.500000000000000000e+02
3.500000000000000000e+02
3.500000000000000000e+02
3.500000000000000000e+02
1.460000000000000000e+02
3.500000000000000000e+02
3.500000000000000000e+02
3.500000000000000000e+02
3.500000000000000000e+02
3.500000000000000000e+02
2.500000000000000000e+02
3.500000000000000000e+02
3.500000000000000000e+02
3.500000000000000000e+02
3.500000000000000000e+02
3.500000000000000000e+02
3.500000000000000000e+02
3.500000000000000000e+02
3.500000000000000000e+02
3.500000000000000000e+02
3.500000000000000000e+02
3.500000000000000000e+02
3.500000000000000000e+02
3.500000000000000000e+02
2.570000000000000000e+02
5.800000000000000000e+01
6.400000000000000000e+01
7.600000000000000000e+01
3.500000000000000000e+02
3.500000000000000000e+02
3.500000000000000000e+02
3.500000000000000000e+02
9.600000000000000000e+01
3.500000000000000000e+02
3.500000000000000000e+02
3.500000000000000000e+02
3.500000000000000000e+02
3.500000000000000000e+02
3.500000000000000000e+02
3.500000000000000000e+02
3.500000000000000000e+02
3.500000000000000000e+02
3.500000000000000000e+02
3.500000000000000000e+02
3.500000000000000000e+02
3.500000000000000000e+02
3.500000000000000000e+02
3.500000000000000000e+02
3.500000000000000000e+02
3.500000000000000000e+02
3.500000000000000000e+02
3.500000000000000000e+02
3.500000000000000000e+02
3.500000000000000000e+02
3.500000000000000000e+02
3.500000000000000000e+02
3.500000000000000000e+02
3.500000000000000000e+02
3.500000000000000000e+02
3.500000000000000000e+02
6.500000000000000000e+01
3.500000000000000000e+02
3.500000000000000000e+02
2.080000000000000000e+02
3.500000000000000000e+02
1.270000000000000000e+02
3.500000000000000000e+02
3.500000000000000000e+02
3.500000000000000000e+02
4.900000000000000000e+01
3.500000000000000000e+02
3.500000000000000000e+02
3.500000000000000000e+02
3.500000000000000000e+02
3.500000000000000000e+02
5.900000000000000000e+01
6.000000000000000000e+01
3.500000000000000000e+02
3.500000000000000000e+02
3.500000000000000000e+02
3.280000000000000000e+02
3.500000000000000000e+02
3.500000000000000000e+02
3.500000000000000000e+02
3.500000000000000000e+02
3.500000000000000000e+02
3.500000000000000000e+02
3.500000000000000000e+02
3.500000000000000000e+02
1.000000000000000000e+02
3.500000000000000000e+02
3.500000000000000000e+02
3.500000000000000000e+02
3.500000000000000000e+02
3.500000000000000000e+02
3.500000000000000000e+02
3.500000000000000000e+02
3.500000000000000000e+02
3.500000000000000000e+02
3.500000000000000000e+02
3.500000000000000000e+02
3.500000000000000000e+02
3.500000000000000000e+02
2.270000000000000000e+02
3.500000000000000000e+02
3.500000000000000000e+02
3.500000000000000000e+02
3.500000000000000000e+02
3.500000000000000000e+02
3.500000000000000000e+02
3.500000000000000000e+02
3.500000000000000000e+02
3.500000000000000000e+02
3.500000000000000000e+02
3.500000000000000000e+02
3.500000000000000000e+02
5.300000000000000000e+01
3.500000000000000000e+02
3.500000000000000000e+02
3.500000000000000000e+02
3.500000000000000000e+02
3.500000000000000000e+02
3.500000000000000000e+02
3.500000000000000000e+02
2.010000000000000000e+02
3.500000000000000000e+02
3.500000000000000000e+02
3.500000000000000000e+02
3.500000000000000000e+02
3.500000000000000000e+02
3.500000000000000000e+02
3.500000000000000000e+02
3.500000000000000000e+02
3.500000000000000000e+02
3.500000000000000000e+02
3.500000000000000000e+02
5.400000000000000000e+01
2.210000000000000000e+02
9.200000000000000000e+01
3.500000000000000000e+02
1.310000000000000000e+02
3.500000000000000000e+02
3.500000000000000000e+02
3.500000000000000000e+02
4.000000000000000000e+01
3.500000000000000000e+02
3.500000000000000000e+02
3.500000000000000000e+02
3.500000000000000000e+02
3.500000000000000000e+02
3.500000000000000000e+02
3.500000000000000000e+02
3.500000000000000000e+02
3.500000000000000000e+02
3.500000000000000000e+02
3.500000000000000000e+02
3.500000000000000000e+02
3.500000000000000000e+02
3.500000000000000000e+02
3.500000000000000000e+02
3.500000000000000000e+02
3.500000000000000000e+02
3.500000000000000000e+02
3.500000000000000000e+02
3.500000000000000000e+02
3.500000000000000000e+02
2.870000000000000000e+02
3.500000000000000000e+02
3.500000000000000000e+02
3.500000000000000000e+02
3.500000000000000000e+02
0.000000000000000000e+00
0.000000000000000000e+00
0.000000000000000000e+00
0.000000000000000000e+00
0.000000000000000000e+00
0.000000000000000000e+00
0.000000000000000000e+00
0.000000000000000000e+00
0.000000000000000000e+00
0.000000000000000000e+00
0.000000000000000000e+00
0.000000000000000000e+00
0.000000000000000000e+00
0.000000000000000000e+00
0.000000000000000000e+00
0.000000000000000000e+00
0.000000000000000000e+00
0.000000000000000000e+00
0.000000000000000000e+00
0.000000000000000000e+00
0.000000000000000000e+00
0.000000000000000000e+00
0.000000000000000000e+00
0.000000000000000000e+00
0.000000000000000000e+00
0.000000000000000000e+00
0.000000000000000000e+00
0.000000000000000000e+00
0.000000000000000000e+00
0.000000000000000000e+00
0.000000000000000000e+00
0.000000000000000000e+00
0.000000000000000000e+00
0.000000000000000000e+00
0.000000000000000000e+00
0.000000000000000000e+00
0.000000000000000000e+00
0.000000000000000000e+00
0.000000000000000000e+00
0.000000000000000000e+00
0.000000000000000000e+00
0.000000000000000000e+00
0.000000000000000000e+00
0.000000000000000000e+00
0.000000000000000000e+00
0.000000000000000000e+00
0.000000000000000000e+00
0.000000000000000000e+00
0.000000000000000000e+00
0.000000000000000000e+00
0.000000000000000000e+00
0.000000000000000000e+00
0.000000000000000000e+00
0.000000000000000000e+00
0.000000000000000000e+00
0.000000000000000000e+00
0.000000000000000000e+00
0.000000000000000000e+00
0.000000000000000000e+00
0.000000000000000000e+00
0.000000000000000000e+00
0.000000000000000000e+00
0.000000000000000000e+00
0.000000000000000000e+00
0.000000000000000000e+00
0.000000000000000000e+00
0.000000000000000000e+00
0.000000000000000000e+00
0.000000000000000000e+00
0.000000000000000000e+00
0.000000000000000000e+00
0.000000000000000000e+00
0.000000000000000000e+00
0.000000000000000000e+00
0.000000000000000000e+00
0.000000000000000000e+00
0.000000000000000000e+00
0.000000000000000000e+00
0.000000000000000000e+00
0.000000000000000000e+00
0.000000000000000000e+00
0.000000000000000000e+00
0.000000000000000000e+00
0.000000000000000000e+00
0.000000000000000000e+00
0.000000000000000000e+00
0.000000000000000000e+00
0.000000000000000000e+00
0.000000000000000000e+00
0.000000000000000000e+00
0.000000000000000000e+00
0.000000000000000000e+00
0.000000000000000000e+00
0.000000000000000000e+00
0.000000000000000000e+00
0.000000000000000000e+00
0.000000000000000000e+00
0.000000000000000000e+00
0.000000000000000000e+00
0.000000000000000000e+00
0.000000000000000000e+00
0.000000000000000000e+00
0.000000000000000000e+00
0.000000000000000000e+00
0.000000000000000000e+00
0.000000000000000000e+00
0.000000000000000000e+00
0.000000000000000000e+00
0.000000000000000000e+00
0.000000000000000000e+00
0.000000000000000000e+00
0.000000000000000000e+00
0.000000000000000000e+00
0.000000000000000000e+00
0.000000000000000000e+00
0.000000000000000000e+00
0.000000000000000000e+00
0.000000000000000000e+00
0.000000000000000000e+00
0.000000000000000000e+00
0.000000000000000000e+00
0.000000000000000000e+00
0.000000000000000000e+00
0.000000000000000000e+00
0.000000000000000000e+00
0.000000000000000000e+00
0.000000000000000000e+00
0.000000000000000000e+00
0.000000000000000000e+00
0.000000000000000000e+00
0.000000000000000000e+00
0.000000000000000000e+00
0.000000000000000000e+00
0.000000000000000000e+00
0.000000000000000000e+00
0.000000000000000000e+00
0.000000000000000000e+00
0.000000000000000000e+00
0.000000000000000000e+00
0.000000000000000000e+00
0.000000000000000000e+00
0.000000000000000000e+00
0.000000000000000000e+00
0.000000000000000000e+00
0.000000000000000000e+00
0.000000000000000000e+00
0.000000000000000000e+00
0.000000000000000000e+00
0.000000000000000000e+00
0.000000000000000000e+00
0.000000000000000000e+00
0.000000000000000000e+00
0.000000000000000000e+00
0.000000000000000000e+00
0.000000000000000000e+00
0.000000000000000000e+00
0.000000000000000000e+00
0.000000000000000000e+00
0.000000000000000000e+00
0.000000000000000000e+00
0.000000000000000000e+00
0.000000000000000000e+00
0.000000000000000000e+00
0.000000000000000000e+00
0.000000000000000000e+00
0.000000000000000000e+00
0.000000000000000000e+00
0.000000000000000000e+00
0.000000000000000000e+00
0.000000000000000000e+00
0.000000000000000000e+00
0.000000000000000000e+00
0.000000000000000000e+00
0.000000000000000000e+00
0.000000000000000000e+00
0.000000000000000000e+00
0.000000000000000000e+00
0.000000000000000000e+00
0.000000000000000000e+00
0.000000000000000000e+00
0.000000000000000000e+00
0.000000000000000000e+00
0.000000000000000000e+00
0.000000000000000000e+00
0.000000000000000000e+00
0.000000000000000000e+00
0.000000000000000000e+00
0.000000000000000000e+00
0.000000000000000000e+00
0.000000000000000000e+00
0.000000000000000000e+00
0.000000000000000000e+00
0.000000000000000000e+00
0.000000000000000000e+00
0.000000000000000000e+00
0.000000000000000000e+00
0.000000000000000000e+00
0.000000000000000000e+00
0.000000000000000000e+00
0.000000000000000000e+00
0.000000000000000000e+00
0.000000000000000000e+00
0.000000000000000000e+00
0.000000000000000000e+00
0.000000000000000000e+00
0.000000000000000000e+00
0.000000000000000000e+00
0.000000000000000000e+00
0.000000000000000000e+00
0.000000000000000000e+00
0.000000000000000000e+00
0.000000000000000000e+00
0.000000000000000000e+00
0.000000000000000000e+00
0.000000000000000000e+00
0.000000000000000000e+00
0.000000000000000000e+00
0.000000000000000000e+00
0.000000000000000000e+00
0.000000000000000000e+00
0.000000000000000000e+00
0.000000000000000000e+00
0.000000000000000000e+00
0.000000000000000000e+00
0.000000000000000000e+00
0.000000000000000000e+00
0.000000000000000000e+00
0.000000000000000000e+00
0.000000000000000000e+00
0.000000000000000000e+00
0.000000000000000000e+00
0.000000000000000000e+00
0.000000000000000000e+00
0.000000000000000000e+00
0.000000000000000000e+00
0.000000000000000000e+00
0.000000000000000000e+00
0.000000000000000000e+00
0.000000000000000000e+00
0.000000000000000000e+00
0.000000000000000000e+00
0.000000000000000000e+00
0.000000000000000000e+00
0.000000000000000000e+00
0.000000000000000000e+00
0.000000000000000000e+00
0.000000000000000000e+00
0.000000000000000000e+00
0.000000000000000000e+00
0.000000000000000000e+00
0.000000000000000000e+00
0.000000000000000000e+00
0.000000000000000000e+00
0.000000000000000000e+00
0.000000000000000000e+00
0.000000000000000000e+00
0.000000000000000000e+00
0.000000000000000000e+00
0.000000000000000000e+00
0.000000000000000000e+00
0.000000000000000000e+00
0.000000000000000000e+00
0.000000000000000000e+00
0.000000000000000000e+00
0.000000000000000000e+00
0.000000000000000000e+00
0.000000000000000000e+00
0.000000000000000000e+00
0.000000000000000000e+00
0.000000000000000000e+00
0.000000000000000000e+00
0.000000000000000000e+00
0.000000000000000000e+00
0.000000000000000000e+00
0.000000000000000000e+00
0.000000000000000000e+00
0.000000000000000000e+00
0.000000000000000000e+00
0.000000000000000000e+00
0.000000000000000000e+00
0.000000000000000000e+00
0.000000000000000000e+00
0.000000000000000000e+00
0.000000000000000000e+00
0.000000000000000000e+00
0.000000000000000000e+00
0.000000000000000000e+00
0.000000000000000000e+00
0.000000000000000000e+00
0.000000000000000000e+00
0.000000000000000000e+00
0.000000000000000000e+00
0.000000000000000000e+00
0.000000000000000000e+00
0.000000000000000000e+00
0.000000000000000000e+00
0.000000000000000000e+00
0.000000000000000000e+00
0.000000000000000000e+00
0.000000000000000000e+00
0.000000000000000000e+00
0.000000000000000000e+00
0.000000000000000000e+00
0.000000000000000000e+00
0.000000000000000000e+00
0.000000000000000000e+00
0.000000000000000000e+00
0.000000000000000000e+00
0.000000000000000000e+00
0.000000000000000000e+00
0.000000000000000000e+00
0.000000000000000000e+00
0.000000000000000000e+00
0.000000000000000000e+00
0.000000000000000000e+00
0.000000000000000000e+00
0.000000000000000000e+00
0.000000000000000000e+00
0.000000000000000000e+00
0.000000000000000000e+00
0.000000000000000000e+00
0.000000000000000000e+00
0.000000000000000000e+00
0.000000000000000000e+00
0.000000000000000000e+00
0.000000000000000000e+00
0.000000000000000000e+00
0.000000000000000000e+00
0.000000000000000000e+00
0.000000000000000000e+00
0.000000000000000000e+00
0.000000000000000000e+00
0.000000000000000000e+00
0.000000000000000000e+00
0.000000000000000000e+00
0.000000000000000000e+00
0.000000000000000000e+00
0.000000000000000000e+00
0.000000000000000000e+00
0.000000000000000000e+00
0.000000000000000000e+00
0.000000000000000000e+00
0.000000000000000000e+00
0.000000000000000000e+00
0.000000000000000000e+00
0.000000000000000000e+00
0.000000000000000000e+00
0.000000000000000000e+00
0.000000000000000000e+00
0.000000000000000000e+00
0.000000000000000000e+00
0.000000000000000000e+00
0.000000000000000000e+00
0.000000000000000000e+00
0.000000000000000000e+00
0.000000000000000000e+00
0.000000000000000000e+00
0.000000000000000000e+00
0.000000000000000000e+00
0.000000000000000000e+00
